1	9
2	8
3	8
4	8
5	8
6	8
7	8
8	8
9	8
10	8
11	8
12	8
13	8
14	8
15	8
16	8
17	8
18	8
19	8
20	8
21	8
22	8
23	8
24	8
25	8
26	8
27	8
28	8
29	8
30	8
31	8
32	8
33	8
34	8
35	8
36	8
37	8
38	8
39	8
40	8
41	8
42	8
43	8
44	8
45	8
46	8
47	8
48	8
49	8
50	8
51	8
52	8
53	8
54	8
55	8
56	8
57	8
58	8
59	8
60	8
61	8
62	8
63	8
64	8
65	8
66	8
67	8
68	8
69	8
70	8
71	8
72	8
73	8
74	8
75	8
76	8
77	8
78	8
79	8
80	8
81	8
82	8
83	8
84	8
85	8
86	8
87	8
88	8
89	8
90	8
91	8
92	8
93	8
94	8
95	8
96	8
97	8
98	8
99	8
100	8
1	9
2	8
3	8
4	8
5	8
6	8
7	8
8	8
9	8
10	8
11	8
12	8
13	8
14	8
15	8
16	8
17	8
18	8
19	8
20	8
21	8
22	8
23	8
24	8
25	8
26	8
27	8
28	8
29	8
30	8
31	8
32	8
33	8
34	8
35	8
36	8
37	8
38	8
39	8
40	8
41	8
42	8
43	8
44	8
45	8
46	8
47	8
48	8
49	8
50	8
51	8
52	8
53	8
54	8
55	8
56	8
57	8
58	8
59	8
60	8
61	8
62	8
63	8
64	8
65	8
66	8
67	8
68	8
69	8
70	8
71	8
72	8
73	8
74	8
75	8
76	8
77	8
78	8
79	8
80	8
81	8
82	8
83	8
84	8
85	8
86	8
87	8
88	8
89	8
90	8
91	8
92	8
93	8
94	8
95	8
96	8
97	8
98	8
99	8
100	8
1	4
2	4
3	4
4	4
5	4
6	4
7	4
8	4
9	4
10	4
11	4
12	4
13	4
14	4
15	4
16	4
17	4
18	4
19	4
20	4
21	4
22	4
23	4
24	4
25	4
26	4
27	4
28	4
29	4
30	4
31	4
32	4
33	4
34	4
35	4
36	4
37	4
38	4
39	4
40	4
41	4
42	4
43	4
44	4
45	4
46	4
47	4
48	4
49	4
50	4
51	4
52	4
53	4
54	4
55	4
56	4
57	4
58	4
59	4
60	4
61	4
62	4
63	4
64	4
65	4
66	4
67	4
68	4
69	4
70	4
71	4
72	4
73	4
74	4
75	4
76	4
77	4
78	4
79	4
80	4
81	4
82	4
83	4
84	4
85	4
86	4
87	4
88	4
89	4
90	4
91	4
92	4
93	4
94	4
95	4
96	4
97	4
98	4
99	4
100	4
1	6
2	6
3	6
4	6
5	6
6	6
7	6
8	6
9	6
10	6
11	6
12	6
13	6
14	6
15	6
16	6
17	6
18	6
19	6
20	6
21	6
22	6
23	6
24	6
25	6
26	6
27	6
28	6
29	6
30	6
31	6
32	6
33	6
34	6
35	6
36	6
37	6
38	6
39	6
40	6
41	6
42	6
43	6
44	6
45	6
46	6
47	6
48	6
49	6
50	6
51	6
52	6
53	6
54	6
55	6
56	6
57	6
58	6
59	6
60	6
61	6
62	6
63	6
64	6
65	6
66	6
67	6
68	6
69	6
70	6
71	6
72	6
73	6
74	6
75	6
76	6
77	6
78	6
79	6
80	6
81	6
82	6
83	6
84	6
85	6
86	6
87	6
88	6
89	6
90	6
91	6
92	6
93	6
94	6
95	6
96	6
97	6
98	6
99	6
100	6
1	9
2	8
3	8
4	8
5	8
6	8
7	8
8	8
9	8
10	8
11	8
12	8
13	8
14	8
15	8
16	8
17	8
18	8
19	8
20	8
21	8
22	8
23	8
24	8
25	8
26	8
27	8
28	8
29	8
30	8
31	8
32	8
33	8
34	8
35	8
36	8
37	8
38	8
39	8
40	8
41	8
42	8
43	8
44	8
45	8
46	8
47	8
48	8
49	8
50	8
51	8
52	8
53	8
54	8
55	8
56	8
57	8
58	8
59	8
60	8
61	8
62	8
63	8
64	8
65	8
66	8
67	8
68	8
69	8
70	8
71	8
72	8
73	8
74	8
75	8
76	8
77	8
78	8
79	8
80	8
81	8
82	8
83	8
84	8
85	8
86	8
87	8
88	8
89	8
90	8
91	8
92	8
93	8
94	8
95	8
96	8
97	8
98	8
99	8
100	8
1	9
2	8
3	8
4	8
5	8
6	8
7	8
8	8
9	8
10	8
11	8
12	8
13	8
14	8
15	8
16	8
17	8
18	8
19	8
20	8
21	8
22	8
23	8
24	8
25	8
26	8
27	8
28	8
29	8
30	8
31	8
32	8
33	8
34	8
35	8
36	8
37	8
38	8
39	8
40	8
41	8
42	8
43	8
44	8
45	8
46	8
47	8
48	8
49	8
50	8
51	8
52	8
53	8
54	8
55	8
56	8
57	8
58	8
59	8
60	8
61	8
62	8
63	8
64	8
65	8
66	8
67	8
68	8
69	8
70	8
71	8
72	8
73	8
74	8
75	8
76	8
77	8
78	8
79	8
80	8
81	8
82	8
83	8
84	8
85	8
86	8
87	8
88	8
89	8
90	8
91	8
92	8
93	8
94	8
95	8
96	8
97	8
98	8
99	8
100	8
1	2
1	2
1	9
2	8
3	8
4	8
5	8
6	8
7	8
8	8
9	8
10	8
11	8
12	8
13	8
14	8
15	8
16	8
17	8
18	8
19	8
20	8
21	8
22	8
23	8
24	8
25	8
26	8
27	8
28	8
29	8
30	8
31	8
32	8
33	8
34	8
35	8
36	8
37	8
38	8
39	8
40	8
41	8
42	8
43	8
44	8
45	8
46	8
47	8
48	8
49	8
50	8
51	8
52	8
53	8
54	8
55	8
56	8
57	8
58	8
59	8
60	8
61	8
62	8
63	8
64	8
65	8
66	8
67	8
68	8
69	8
70	8
71	8
72	8
73	8
74	8
75	8
76	8
77	8
78	8
79	8
80	8
81	8
82	8
83	8
84	8
85	8
86	8
87	8
88	8
89	8
90	8
91	8
92	8
93	8
94	8
95	8
96	8
97	8
98	8
99	8
100	8
1	2
1	2
1	9
2	8
3	8
4	8
5	8
6	8
7	8
8	8
9	8
10	8
11	8
12	8
13	8
14	8
15	8
16	8
17	8
18	8
19	8
20	8
21	8
22	8
23	8
24	8
25	8
26	8
27	8
28	8
29	8
30	8
31	8
32	8
33	8
34	8
35	8
36	8
37	8
38	8
39	8
40	8
41	8
42	8
43	8
44	8
45	8
46	8
47	8
48	8
49	8
50	8
51	8
52	8
53	8
54	8
55	8
56	8
57	8
58	8
59	8
60	8
61	8
62	8
63	8
64	8
65	8
66	8
67	8
68	8
69	8
70	8
71	8
72	8
73	8
74	8
75	8
76	8
77	8
78	8
79	8
80	8
81	8
82	8
83	8
84	8
85	8
86	8
87	8
88	8
89	8
90	8
91	8
92	8
93	8
94	8
95	8
96	8
97	8
98	8
99	8
100	8
1	10
2	9
3	9
4	9
5	9
6	9
7	9
8	9
9	9
10	9
11	9
12	9
13	9
14	9
15	9
16	9
17	9
18	9
19	9
20	9
21	9
22	9
23	9
24	9
25	9
26	9
27	9
28	9
29	9
30	9
31	9
32	9
33	9
34	9
35	9
36	9
37	9
38	9
39	9
40	9
41	9
42	9
43	9
44	9
45	9
46	9
47	9
48	9
49	9
50	9
51	9
52	9
53	9
54	9
55	9
56	9
57	9
58	9
59	9
60	9
61	9
62	9
63	9
64	9
65	9
66	9
67	9
68	9
69	9
70	9
71	9
72	9
73	9
74	9
75	9
76	9
77	9
78	9
79	9
80	9
81	9
82	9
83	9
84	9
85	9
86	9
87	9
88	9
89	9
90	9
91	9
92	9
93	9
94	9
95	9
96	9
97	9
98	9
99	9
100	9
1	9
2	8
3	8
4	8
5	8
6	8
7	8
8	8
9	8
10	8
11	8
12	8
13	8
14	8
15	8
16	8
17	8
18	8
19	8
20	8
21	8
22	8
23	8
24	8
25	8
26	8
27	8
28	8
29	8
30	8
31	8
32	8
33	8
34	8
35	8
36	8
37	8
38	8
39	8
40	8
41	8
42	8
43	8
44	8
45	8
46	8
47	8
48	8
49	8
50	8
51	8
52	8
53	8
54	8
55	8
56	8
57	8
58	8
59	8
60	8
61	8
62	8
63	8
64	8
65	8
66	8
67	8
68	8
69	8
70	8
71	8
72	8
73	8
74	8
75	8
76	8
77	8
78	8
79	8
80	8
81	8
82	8
83	8
84	8
85	8
86	8
87	8
88	8
89	8
90	8
91	8
92	8
93	8
94	8
95	8
96	8
97	8
98	8
99	8
100	8
1	10
2	9
3	9
4	9
5	9
6	9
7	9
8	9
9	9
10	9
11	9
12	9
13	9
14	9
15	9
16	9
17	9
18	9
19	9
20	9
21	9
22	9
23	9
24	9
25	9
26	9
27	9
28	9
29	9
30	9
31	9
32	9
33	9
34	9
35	9
36	9
37	9
38	9
39	9
40	9
41	9
42	9
43	9
44	9
45	9
46	9
47	9
48	9
49	9
50	9
51	9
52	9
53	9
54	9
55	9
56	9
57	9
58	9
59	9
60	9
61	9
62	9
63	9
64	9
65	9
66	9
67	9
68	9
69	9
70	9
71	9
72	9
73	9
74	9
75	9
76	9
77	9
78	9
79	9
80	9
81	9
82	9
83	9
84	9
85	9
86	9
87	9
88	9
89	9
90	9
91	9
92	9
93	9
94	9
95	9
96	9
97	9
98	9
99	9
100	9
1	9
2	8
3	8
4	8
5	8
6	8
7	8
8	8
9	8
10	8
11	8
12	8
13	8
14	8
15	8
16	8
17	8
18	8
19	8
20	8
21	8
22	8
23	8
24	8
25	8
26	8
27	8
28	8
29	8
30	8
31	8
32	8
33	8
34	8
35	8
36	8
37	8
38	8
39	8
40	8
41	8
42	8
43	8
44	8
45	8
46	8
47	8
48	8
49	8
50	8
51	8
52	8
53	8
54	8
55	8
56	8
57	8
58	8
59	8
60	8
61	8
62	8
63	8
64	8
65	8
66	8
67	8
68	8
69	8
70	8
71	8
72	8
73	8
74	8
75	8
76	8
77	8
78	8
79	8
80	8
81	8
82	8
83	8
84	8
85	8
86	8
87	8
88	8
89	8
90	8
91	8
92	8
93	8
94	8
95	8
96	8
97	8
98	8
99	8
100	8
1	9
2	8
3	8
4	8
5	8
6	8
7	8
8	8
9	8
10	8
11	8
12	8
13	8
14	8
15	8
16	8
17	8
18	8
19	8
20	8
21	8
22	8
23	8
24	8
25	8
26	8
27	8
28	8
29	8
30	8
31	8
32	8
33	8
34	8
35	8
36	8
37	8
38	8
39	8
40	8
41	8
42	8
43	8
44	8
45	8
46	8
47	8
48	8
49	8
50	8
51	8
52	8
53	8
54	8
55	8
56	8
57	8
58	8
59	8
60	8
61	8
62	8
63	8
64	8
65	8
66	8
67	8
68	8
69	8
70	8
71	8
72	8
73	8
74	8
75	8
76	8
77	8
78	8
79	8
80	8
81	8
82	8
83	8
84	8
85	8
86	8
87	8
88	8
89	8
90	8
91	8
92	8
93	8
94	8
95	8
96	8
97	8
98	8
99	8
100	8
1	9
2	8
3	8
4	8
5	8
6	8
7	8
8	8
9	8
10	8
11	8
12	8
13	8
14	8
15	8
16	8
17	8
18	8
19	8
20	8
21	8
22	8
23	8
24	8
25	8
26	8
27	8
28	8
29	8
30	8
31	8
32	8
33	8
34	8
35	8
36	8
37	8
38	8
39	8
40	8
41	8
42	8
43	8
44	8
45	8
46	8
47	8
48	8
49	8
50	8
51	8
52	8
53	8
54	8
55	8
56	8
57	8
58	8
59	8
60	8
61	8
62	8
63	8
64	8
65	8
66	8
67	8
68	8
69	8
70	8
71	8
72	8
73	8
74	8
75	8
76	8
77	8
78	8
79	8
80	8
81	8
82	8
83	8
84	8
85	8
86	8
87	8
88	8
89	8
90	8
91	8
92	8
93	8
94	8
95	8
96	8
97	8
98	8
99	8
100	8
1	9
2	8
3	8
4	8
5	8
6	8
7	8
8	8
9	8
10	8
11	8
12	8
13	8
14	8
15	8
16	8
17	8
18	8
19	8
20	8
21	8
22	8
23	8
24	8
25	8
26	8
27	8
28	8
29	8
30	8
31	8
32	8
33	8
34	8
35	8
36	8
37	8
38	8
39	8
40	8
41	8
42	8
43	8
44	8
45	8
46	8
47	8
48	8
49	8
50	8
51	8
52	8
53	8
54	8
55	8
56	8
57	8
58	8
59	8
60	8
61	8
62	8
63	8
64	8
65	8
66	8
67	8
68	8
69	8
70	8
71	8
72	8
73	8
74	8
75	8
76	8
77	8
78	8
79	8
80	8
81	8
82	8
83	8
84	8
85	8
86	8
87	8
88	8
89	8
90	8
91	8
92	8
93	8
94	8
95	8
96	8
97	8
98	8
99	8
100	8
1	9
2	8
3	8
4	8
5	8
6	8
7	8
8	8
9	8
10	8
11	8
12	8
13	8
14	8
15	8
16	8
17	8
18	8
19	8
20	8
21	8
22	8
23	8
24	8
25	8
26	8
27	8
28	8
29	8
30	8
31	8
32	8
33	8
34	8
35	8
36	8
37	8
38	8
39	8
40	8
41	8
42	8
43	8
44	8
45	8
46	8
47	8
48	8
49	8
50	8
51	8
52	8
53	8
54	8
55	8
56	8
57	8
58	8
59	8
60	8
61	8
62	8
63	8
64	8
65	8
66	8
67	8
68	8
69	8
70	8
71	8
72	8
73	8
74	8
75	8
76	8
77	8
78	8
79	8
80	8
81	8
82	8
83	8
84	8
85	8
86	8
87	8
88	8
89	8
90	8
91	8
92	8
93	8
94	8
95	8
96	8
97	8
98	8
99	8
100	8
1	10
2	9
3	9
4	9
5	9
6	9
7	9
8	9
9	9
10	9
11	9
12	9
13	9
14	9
15	9
16	9
17	9
18	9
19	9
20	9
21	9
22	9
23	9
24	9
25	9
26	9
27	9
28	9
29	9
30	9
31	9
32	9
33	9
34	9
35	9
36	9
37	9
38	9
39	9
40	9
41	9
42	9
43	9
44	9
45	9
46	9
47	9
48	9
49	9
50	9
51	9
52	9
53	9
54	9
55	9
56	9
57	9
58	9
59	9
60	9
61	9
62	9
63	9
64	9
65	9
66	9
67	9
68	9
69	9
70	9
71	9
72	9
73	9
74	9
75	9
76	9
77	9
78	9
79	9
80	9
81	9
82	9
83	9
84	9
85	9
86	9
87	9
88	9
89	9
90	9
91	9
92	9
93	9
94	9
95	9
96	9
97	9
98	9
99	9
100	9
1	1
1	1
1	1
1	1
1	1
1	1
1	1
1	1
1	9
2	8
3	8
4	8
5	8
6	8
7	8
8	8
9	8
10	8
11	8
12	8
13	8
14	8
15	8
16	8
17	8
18	8
19	8
20	8
21	8
22	8
23	8
24	8
25	8
26	8
27	8
28	8
29	8
30	8
31	8
32	8
33	8
34	8
35	8
36	8
37	8
38	8
39	8
40	8
41	8
42	8
43	8
44	8
45	8
46	8
47	8
48	8
49	8
50	8
51	8
52	8
53	8
54	8
55	8
56	8
57	8
58	8
59	8
60	8
61	8
62	8
63	8
64	8
65	8
66	8
67	8
68	8
69	8
70	8
71	8
72	8
73	8
74	8
75	8
76	8
77	8
78	8
79	8
80	8
81	8
82	8
83	8
84	8
85	8
86	8
87	8
88	8
89	8
90	8
91	8
92	8
93	8
94	8
95	8
96	8
97	8
98	8
99	8
100	8
1	9
2	8
3	8
4	8
5	8
6	8
7	8
8	8
9	8
10	8
11	8
12	8
13	8
14	8
15	8
16	8
17	8
18	8
19	8
20	8
21	8
22	8
23	8
24	8
25	8
26	8
27	8
28	8
29	8
30	8
31	8
32	8
33	8
34	8
35	8
36	8
37	8
38	8
39	8
40	8
41	8
42	8
43	8
44	8
45	8
46	8
47	8
48	8
49	8
50	8
51	8
52	8
53	8
54	8
55	8
56	8
57	8
58	8
59	8
60	8
61	8
62	8
63	8
64	8
65	8
66	8
67	8
68	8
69	8
70	8
71	8
72	8
73	8
74	8
75	8
76	8
77	8
78	8
79	8
80	8
81	8
82	8
83	8
84	8
85	8
86	8
87	8
88	8
89	8
90	8
91	8
92	8
93	8
94	8
95	8
96	8
97	8
98	8
99	8
100	8
1	1
1	9
2	8
3	8
4	8
5	8
6	8
7	8
8	8
9	8
10	8
11	8
12	8
13	8
14	8
15	8
16	8
17	8
18	8
19	8
20	8
21	8
22	8
23	8
24	8
25	8
26	8
27	8
28	8
29	8
30	8
31	8
32	8
33	8
34	8
35	8
36	8
37	8
38	8
39	8
40	8
41	8
42	8
43	8
44	8
45	8
46	8
47	8
48	8
49	8
50	8
51	8
52	8
53	8
54	8
55	8
56	8
57	8
58	8
59	8
60	8
61	8
62	8
63	8
64	8
65	8
66	8
67	8
68	8
69	8
70	8
71	8
72	8
73	8
74	8
75	8
76	8
77	8
78	8
79	8
80	8
81	8
82	8
83	8
84	8
85	8
86	8
87	8
88	8
89	8
90	8
91	8
92	8
93	8
94	8
95	8
96	8
97	8
98	8
99	8
100	8
1	9
2	8
3	8
4	8
5	8
6	8
7	8
8	8
9	8
10	8
11	8
12	8
13	8
14	8
15	8
16	8
17	8
18	8
19	8
20	8
21	8
22	8
23	8
24	8
25	8
26	8
27	8
28	8
29	8
30	8
31	8
32	8
33	8
34	8
35	8
36	8
37	8
38	8
39	8
40	8
41	8
42	8
43	8
44	8
45	8
46	8
47	8
48	8
49	8
50	8
51	8
52	8
53	8
54	8
55	8
56	8
57	8
58	8
59	8
60	8
61	8
62	8
63	8
64	8
65	8
66	8
67	8
68	8
69	8
70	8
71	8
72	8
73	8
74	8
75	8
76	8
77	8
78	8
79	8
80	8
81	8
82	8
83	8
84	8
85	8
86	8
87	8
88	8
89	8
90	8
91	8
92	8
93	8
94	8
95	8
96	8
97	8
98	8
99	8
100	8
1	9
2	8
3	8
4	8
5	8
6	8
7	8
8	8
9	8
10	8
11	8
12	8
13	8
14	8
15	8
16	8
17	8
18	8
19	8
20	8
21	8
22	8
23	8
24	8
25	8
26	8
27	8
28	8
29	8
30	8
31	8
32	8
33	8
34	8
35	8
36	8
37	8
38	8
39	8
40	8
41	8
42	8
43	8
44	8
45	8
46	8
47	8
48	8
49	8
50	8
51	8
52	8
53	8
54	8
55	8
56	8
57	8
58	8
59	8
60	8
61	8
62	8
63	8
64	8
65	8
66	8
67	8
68	8
69	8
70	8
71	8
72	8
73	8
74	8
75	8
76	8
77	8
78	8
79	8
80	8
81	8
82	8
83	8
84	8
85	8
86	8
87	8
88	8
89	8
90	8
91	8
92	8
93	8
94	8
95	8
96	8
97	8
98	8
99	8
100	8
1	9
2	8
3	8
4	8
5	8
6	8
7	8
8	8
9	8
10	8
11	8
12	8
13	8
14	8
15	8
16	8
17	8
18	8
19	8
20	8
21	8
22	8
23	8
24	8
25	8
26	8
27	8
28	8
29	8
30	8
31	8
32	8
33	8
34	8
35	8
36	8
37	8
38	8
39	8
40	8
41	8
42	8
43	8
44	8
45	8
46	8
47	8
48	8
49	8
50	8
51	8
52	8
53	8
54	8
55	8
56	8
57	8
58	8
59	8
60	8
61	8
62	8
63	8
64	8
65	8
66	8
67	8
68	8
69	8
70	8
71	8
72	8
73	8
74	8
75	8
76	8
77	8
78	8
79	8
80	8
81	8
82	8
83	8
84	8
85	8
86	8
87	8
88	8
89	8
90	8
91	8
92	8
93	8
94	8
95	8
96	8
97	8
98	8
99	8
100	8
1	9
2	8
3	8
4	8
5	8
6	8
7	8
8	8
9	8
10	8
11	8
12	8
13	8
14	8
15	8
16	8
17	8
18	8
19	8
20	8
21	8
22	8
23	8
24	8
25	8
26	8
27	8
28	8
29	8
30	8
31	8
32	8
33	8
34	8
35	8
36	8
37	8
38	8
39	8
40	8
41	8
42	8
43	8
44	8
45	8
46	8
47	8
48	8
49	8
50	8
51	8
52	8
53	8
54	8
55	8
56	8
57	8
58	8
59	8
60	8
61	8
62	8
63	8
64	8
65	8
66	8
67	8
68	8
69	8
70	8
71	8
72	8
73	8
74	8
75	8
76	8
77	8
78	8
79	8
80	8
81	8
82	8
83	8
84	8
85	8
86	8
87	8
88	8
89	8
90	8
91	8
92	8
93	8
94	8
95	8
96	8
97	8
98	8
99	8
100	8
1	9
2	8
3	8
4	8
5	8
6	8
7	8
8	8
9	8
10	8
11	8
12	8
13	8
14	8
15	8
16	8
17	8
18	8
19	8
20	8
21	8
22	8
23	8
24	8
25	8
26	8
27	8
28	8
29	8
30	8
31	8
32	8
33	8
34	8
35	8
36	8
37	8
38	8
39	8
40	8
41	8
42	8
43	8
44	8
45	8
46	8
47	8
48	8
49	8
50	8
51	8
52	8
53	8
54	8
55	8
56	8
57	8
58	8
59	8
60	8
61	8
62	8
63	8
64	8
65	8
66	8
67	8
68	8
69	8
70	8
71	8
72	8
73	8
74	8
75	8
76	8
77	8
78	8
79	8
80	8
81	8
82	8
83	8
84	8
85	8
86	8
87	8
88	8
89	8
90	8
91	8
92	8
93	8
94	8
95	8
96	8
97	8
98	8
99	8
100	8
1	9
2	8
3	8
4	8
5	8
6	8
7	8
8	8
9	8
10	8
11	8
12	8
13	8
14	8
15	8
16	8
17	8
18	8
19	8
20	8
21	8
22	8
23	8
24	8
25	8
26	8
27	8
28	8
29	8
30	8
31	8
32	8
33	8
34	8
35	8
36	8
37	8
38	8
39	8
40	8
41	8
42	8
43	8
44	8
45	8
46	8
47	8
48	8
49	8
50	8
51	8
52	8
53	8
54	8
55	8
56	8
57	8
58	8
59	8
60	8
61	8
62	8
63	8
64	8
65	8
66	8
67	8
68	8
69	8
70	8
71	8
72	8
73	8
74	8
75	8
76	8
77	8
78	8
79	8
80	8
81	8
82	8
83	8
84	8
85	8
86	8
87	8
88	8
89	8
90	8
91	8
92	8
93	8
94	8
95	8
96	8
97	8
98	8
99	8
100	8
1	9
2	8
3	8
4	8
5	8
6	8
7	8
8	8
9	8
10	8
11	8
12	8
13	8
14	8
15	8
16	8
17	8
18	8
19	8
20	8
21	8
22	8
23	8
24	8
25	8
26	8
27	8
28	8
29	8
30	8
31	8
32	8
33	8
34	8
35	8
36	8
37	8
38	8
39	8
40	8
41	8
42	8
43	8
44	8
45	8
46	8
47	8
48	8
49	8
50	8
51	8
52	8
53	8
54	8
55	8
56	8
57	8
58	8
59	8
60	8
61	8
62	8
63	8
64	8
65	8
66	8
67	8
68	8
69	8
70	8
71	8
72	8
73	8
74	8
75	8
76	8
77	8
78	8
79	8
80	8
81	8
82	8
83	8
84	8
85	8
86	8
87	8
88	8
89	8
90	8
91	8
92	8
93	8
94	8
95	8
96	8
97	8
98	8
99	8
100	8
1	9
2	8
3	8
4	8
5	8
6	8
7	8
8	8
9	8
10	8
11	8
12	8
13	8
14	8
15	8
16	8
17	8
18	8
19	8
20	8
21	8
22	8
23	8
24	8
25	8
26	8
27	8
28	8
29	8
30	8
31	8
32	8
33	8
34	8
35	8
36	8
37	8
38	8
39	8
40	8
41	8
42	8
43	8
44	8
45	8
46	8
47	8
48	8
49	8
50	8
51	8
52	8
53	8
54	8
55	8
56	8
57	8
58	8
59	8
60	8
61	8
62	8
63	8
64	8
65	8
66	8
67	8
68	8
69	8
70	8
71	8
72	8
73	8
74	8
75	8
76	8
77	8
78	8
79	8
80	8
81	8
82	8
83	8
84	8
85	8
86	8
87	8
88	8
89	8
90	8
91	8
92	8
93	8
94	8
95	8
96	8
97	8
98	8
99	8
100	8
1	9
2	8
3	8
4	8
5	8
6	8
7	8
8	8
9	8
10	8
11	8
12	8
13	8
14	8
15	8
16	8
17	8
18	8
19	8
20	8
21	8
22	8
23	8
24	8
25	8
26	8
27	8
28	8
29	8
30	8
31	8
32	8
33	8
34	8
35	8
36	8
37	8
38	8
39	8
40	8
41	8
42	8
43	8
44	8
45	8
46	8
47	8
48	8
49	8
50	8
51	8
52	8
53	8
54	8
55	8
56	8
57	8
58	8
59	8
60	8
61	8
62	8
63	8
64	8
65	8
66	8
67	8
68	8
69	8
70	8
71	8
72	8
73	8
74	8
75	8
76	8
77	8
78	8
79	8
80	8
81	8
82	8
83	8
84	8
85	8
86	8
87	8
88	8
89	8
90	8
91	8
92	8
93	8
94	8
95	8
96	8
97	8
98	8
99	8
100	8
1	9
2	8
3	8
4	8
5	8
6	8
7	8
8	8
9	8
10	8
11	8
12	8
13	8
14	8
15	8
16	8
17	8
18	8
19	8
20	8
21	8
22	8
23	8
24	8
25	8
26	8
27	8
28	8
29	8
30	8
31	8
32	8
33	8
34	8
35	8
36	8
37	8
38	8
39	8
40	8
41	8
42	8
43	8
44	8
45	8
46	8
47	8
48	8
49	8
50	8
51	8
52	8
53	8
54	8
55	8
56	8
57	8
58	8
59	8
60	8
61	8
62	8
63	8
64	8
65	8
66	8
67	8
68	8
69	8
70	8
71	8
72	8
73	8
74	8
75	8
76	8
77	8
78	8
79	8
80	8
81	8
82	8
83	8
84	8
85	8
86	8
87	8
88	8
89	8
90	8
91	8
92	8
93	8
94	8
95	8
96	8
97	8
98	8
99	8
100	8
1	9
2	8
3	8
4	8
5	8
6	8
7	8
8	8
9	8
10	8
11	8
12	8
13	8
14	8
15	8
16	8
17	8
18	8
19	8
20	8
21	8
22	8
23	8
24	8
25	8
26	8
27	8
28	8
29	8
30	8
31	8
32	8
33	8
34	8
35	8
36	8
37	8
38	8
39	8
40	8
41	8
42	8
43	8
44	8
45	8
46	8
47	8
48	8
49	8
50	8
51	8
52	8
53	8
54	8
55	8
56	8
57	8
58	8
59	8
60	8
61	8
62	8
63	8
64	8
65	8
66	8
67	8
68	8
69	8
70	8
71	8
72	8
73	8
74	8
75	8
76	8
77	8
78	8
79	8
80	8
81	8
82	8
83	8
84	8
85	8
86	8
87	8
88	8
89	8
90	8
91	8
92	8
93	8
94	8
95	8
96	8
97	8
98	8
99	8
100	8
1	9
2	8
3	8
4	8
5	8
6	8
7	8
8	8
9	8
10	8
11	8
12	8
13	8
14	8
15	8
16	8
17	8
18	8
19	8
20	8
21	8
22	8
23	8
24	8
25	8
26	8
27	8
28	8
29	8
30	8
31	8
32	8
33	8
34	8
35	8
36	8
37	8
38	8
39	8
40	8
41	8
42	8
43	8
44	8
45	8
46	8
47	8
48	8
49	8
50	8
51	8
52	8
53	8
54	8
55	8
56	8
57	8
58	8
59	8
60	8
61	8
62	8
63	8
64	8
65	8
66	8
67	8
68	8
69	8
70	8
71	8
72	8
73	8
74	8
75	8
76	8
77	8
78	8
79	8
80	8
81	8
82	8
83	8
84	8
85	8
86	8
87	8
88	8
89	8
90	8
91	8
92	8
93	8
94	8
95	8
96	8
97	8
98	8
99	8
100	8
1	9
2	8
3	8
4	8
5	8
6	8
7	8
8	8
9	8
10	8
11	8
12	8
13	8
14	8
15	8
16	8
17	8
18	8
19	8
20	8
21	8
22	8
23	8
24	8
25	8
26	8
27	8
28	8
29	8
30	8
31	8
32	8
33	8
34	8
35	8
36	8
37	8
38	8
39	8
40	8
41	8
42	8
43	8
44	8
45	8
46	8
47	8
48	8
49	8
50	8
51	8
52	8
53	8
54	8
55	8
56	8
57	8
58	8
59	8
60	8
61	8
62	8
63	8
64	8
65	8
66	8
67	8
68	8
69	8
70	8
71	8
72	8
73	8
74	8
75	8
76	8
77	8
78	8
79	8
80	8
81	8
82	8
83	8
84	8
85	8
86	8
87	8
88	8
89	8
90	8
91	8
92	8
93	8
94	8
95	8
96	8
97	8
98	8
99	8
100	8
1	9
2	8
3	8
4	8
5	8
6	8
7	8
8	8
9	8
10	8
11	8
12	8
13	8
14	8
15	8
16	8
17	8
18	8
19	8
20	8
21	8
22	8
23	8
24	8
25	8
26	8
27	8
28	8
29	8
30	8
31	8
32	8
33	8
34	8
35	8
36	8
37	8
38	8
39	8
40	8
41	8
42	8
43	8
44	8
45	8
46	8
47	8
48	8
49	8
50	8
51	8
52	8
53	8
54	8
55	8
56	8
57	8
58	8
59	8
60	8
61	8
62	8
63	8
64	8
65	8
66	8
67	8
68	8
69	8
70	8
71	8
72	8
73	8
74	8
75	8
76	8
77	8
78	8
79	8
80	8
81	8
82	8
83	8
84	8
85	8
86	8
87	8
88	8
89	8
90	8
91	8
92	8
93	8
94	8
95	8
96	8
97	8
98	8
99	8
100	8
1	9
2	8
3	8
4	8
5	8
6	8
7	8
8	8
9	8
10	8
11	8
12	8
13	8
14	8
15	8
16	8
17	8
18	8
19	8
20	8
21	8
22	8
23	8
24	8
25	8
26	8
27	8
28	8
29	8
30	8
31	8
32	8
33	8
34	8
35	8
36	8
37	8
38	8
39	8
40	8
41	8
42	8
43	8
44	8
45	8
46	8
47	8
48	8
49	8
50	8
51	8
52	8
53	8
54	8
55	8
56	8
57	8
58	8
59	8
60	8
61	8
62	8
63	8
64	8
65	8
66	8
67	8
68	8
69	8
70	8
71	8
72	8
73	8
74	8
75	8
76	8
77	8
78	8
79	8
80	8
81	8
82	8
83	8
84	8
85	8
86	8
87	8
88	8
89	8
90	8
91	8
92	8
93	8
94	8
95	8
96	8
97	8
98	8
99	8
100	8
1	14
2	13
3	13
4	13
5	13
6	13
7	13
8	13
9	13
10	13
11	13
12	13
13	13
14	13
15	13
16	13
17	13
18	13
19	13
20	13
21	13
22	13
23	13
24	13
25	13
26	13
27	13
28	13
29	13
30	13
31	13
32	13
33	13
34	13
35	13
36	13
37	13
38	13
39	13
40	13
41	13
42	13
43	13
44	13
45	13
46	13
47	13
48	13
49	13
50	13
51	13
52	13
53	13
54	13
55	13
56	13
57	13
58	13
59	13
60	13
61	13
62	13
63	13
64	13
65	13
66	13
67	13
68	13
69	13
70	13
71	13
72	13
73	13
74	13
75	13
76	13
77	13
78	13
79	13
80	13
81	13
82	13
83	13
84	13
85	13
86	13
87	13
88	13
89	13
90	13
91	13
92	13
93	13
94	13
95	13
96	13
97	13
98	13
99	13
100	13
1	9
2	8
3	8
4	8
5	8
6	8
7	8
8	8
9	8
10	8
11	8
12	8
13	8
14	8
15	8
16	8
17	8
18	8
19	8
20	8
21	8
22	8
23	8
24	8
25	8
26	8
27	8
28	8
29	8
30	8
31	8
32	8
33	8
34	8
35	8
36	8
37	8
38	8
39	8
40	8
41	8
42	8
43	8
44	8
45	8
46	8
47	8
48	8
49	8
50	8
51	8
52	8
53	8
54	8
55	8
56	8
57	8
58	8
59	8
60	8
61	8
62	8
63	8
64	8
65	8
66	8
67	8
68	8
69	8
70	8
71	8
72	8
73	8
74	8
75	8
76	8
77	8
78	8
79	8
80	8
81	8
82	8
83	8
84	8
85	8
86	8
87	8
88	8
89	8
90	8
91	8
92	8
93	8
94	8
95	8
96	8
97	8
98	8
99	8
100	8
1	9
2	8
3	8
4	8
5	8
6	8
7	8
8	8
9	8
10	8
11	8
12	8
13	8
14	8
15	8
16	8
17	8
18	8
19	8
20	8
21	8
22	8
23	8
24	8
25	8
26	8
27	8
28	8
29	8
30	8
31	8
32	8
33	8
34	8
35	8
36	8
37	8
38	8
39	8
40	8
41	8
42	8
43	8
44	8
45	8
46	8
47	8
48	8
49	8
50	8
51	8
52	8
53	8
54	8
55	8
56	8
57	8
58	8
59	8
60	8
61	8
62	8
63	8
64	8
65	8
66	8
67	8
68	8
69	8
70	8
71	8
72	8
73	8
74	8
75	8
76	8
77	8
78	8
79	8
80	8
81	8
82	8
83	8
84	8
85	8
86	8
87	8
88	8
89	8
90	8
91	8
92	8
93	8
94	8
95	8
96	8
97	8
98	8
99	8
100	8
1	9
2	8
3	8
4	8
5	8
6	8
7	8
8	8
9	8
10	8
11	8
12	8
13	8
14	8
15	8
16	8
17	8
18	8
19	8
20	8
21	8
22	8
23	8
24	8
25	8
26	8
27	8
28	8
29	8
30	8
31	8
32	8
33	8
34	8
35	8
36	8
37	8
38	8
39	8
40	8
41	8
42	8
43	8
44	8
45	8
46	8
47	8
48	8
49	8
50	8
51	8
52	8
53	8
54	8
55	8
56	8
57	8
58	8
59	8
60	8
61	8
62	8
63	8
64	8
65	8
66	8
67	8
68	8
69	8
70	8
71	8
72	8
73	8
74	8
75	8
76	8
77	8
78	8
79	8
80	8
81	8
82	8
83	8
84	8
85	8
86	8
87	8
88	8
89	8
90	8
91	8
92	8
93	8
94	8
95	8
96	8
97	8
98	8
99	8
100	8
1	9
2	8
3	8
4	8
5	8
6	8
7	8
8	8
9	8
10	8
11	8
12	8
13	8
14	8
15	8
16	8
17	8
18	8
19	8
20	8
21	8
22	8
23	8
24	8
25	8
26	8
27	8
28	8
29	8
30	8
31	8
32	8
33	8
34	8
35	8
36	8
37	8
38	8
39	8
40	8
41	8
42	8
43	8
44	8
45	8
46	8
47	8
48	8
49	8
50	8
51	8
52	8
53	8
54	8
55	8
56	8
57	8
58	8
59	8
60	8
61	8
62	8
63	8
64	8
65	8
66	8
67	8
68	8
69	8
70	8
71	8
72	8
73	8
74	8
75	8
76	8
77	8
78	8
79	8
80	8
81	8
82	8
83	8
84	8
85	8
86	8
87	8
88	8
89	8
90	8
91	8
92	8
93	8
94	8
95	8
96	8
97	8
98	8
99	8
100	8
1	9
2	8
3	8
4	8
5	8
6	8
7	8
8	8
9	8
10	8
11	8
12	8
13	8
14	8
15	8
16	8
17	8
18	8
19	8
20	8
21	8
22	8
23	8
24	8
25	8
26	8
27	8
28	8
29	8
30	8
31	8
32	8
33	8
34	8
35	8
36	8
37	8
38	8
39	8
40	8
41	8
42	8
43	8
44	8
45	8
46	8
47	8
48	8
49	8
50	8
51	8
52	8
53	8
54	8
55	8
56	8
57	8
58	8
59	8
60	8
61	8
62	8
63	8
64	8
65	8
66	8
67	8
68	8
69	8
70	8
71	8
72	8
73	8
74	8
75	8
76	8
77	8
78	8
79	8
80	8
81	8
82	8
83	8
84	8
85	8
86	8
87	8
88	8
89	8
90	8
91	8
92	8
93	8
94	8
95	8
96	8
97	8
98	8
99	8
100	8
1	9
2	8
3	8
4	8
5	8
6	8
7	8
8	8
9	8
10	8
11	8
12	8
13	8
14	8
15	8
16	8
17	8
18	8
19	8
20	8
21	8
22	8
23	8
24	8
25	8
26	8
27	8
28	8
29	8
30	8
31	8
32	8
33	8
34	8
35	8
36	8
37	8
38	8
39	8
40	8
41	8
42	8
43	8
44	8
45	8
46	8
47	8
48	8
49	8
50	8
51	8
52	8
53	8
54	8
55	8
56	8
57	8
58	8
59	8
60	8
61	8
62	8
63	8
64	8
65	8
66	8
67	8
68	8
69	8
70	8
71	8
72	8
73	8
74	8
75	8
76	8
77	8
78	8
79	8
80	8
81	8
82	8
83	8
84	8
85	8
86	8
87	8
88	8
89	8
90	8
91	8
92	8
93	8
94	8
95	8
96	8
97	8
98	8
99	8
100	8
1	9
2	8
3	8
4	8
5	8
6	8
7	8
8	8
9	8
10	8
11	8
12	8
13	8
14	8
15	8
16	8
17	8
18	8
19	8
20	8
21	8
22	8
23	8
24	8
25	8
26	8
27	8
28	8
29	8
30	8
31	8
32	8
33	8
34	8
35	8
36	8
37	8
38	8
39	8
40	8
41	8
42	8
43	8
44	8
45	8
46	8
47	8
48	8
49	8
50	8
51	8
52	8
53	8
54	8
55	8
56	8
57	8
58	8
59	8
60	8
61	8
62	8
63	8
64	8
65	8
66	8
67	8
68	8
69	8
70	8
71	8
72	8
73	8
74	8
75	8
76	8
77	8
78	8
79	8
80	8
81	8
82	8
83	8
84	8
85	8
86	8
87	8
88	8
89	8
90	8
91	8
92	8
93	8
94	8
95	8
96	8
97	8
98	8
99	8
100	8
1	9
2	8
3	8
4	8
5	8
6	8
7	8
8	8
9	8
10	8
11	8
12	8
13	8
14	8
15	8
16	8
17	8
18	8
19	8
20	8
21	8
22	8
23	8
24	8
25	8
26	8
27	8
28	8
29	8
30	8
31	8
32	8
33	8
34	8
35	8
36	8
37	8
38	8
39	8
40	8
41	8
42	8
43	8
44	8
45	8
46	8
47	8
48	8
49	8
50	8
51	8
52	8
53	8
54	8
55	8
56	8
57	8
58	8
59	8
60	8
61	8
62	8
63	8
64	8
65	8
66	8
67	8
68	8
69	8
70	8
71	8
72	8
73	8
74	8
75	8
76	8
77	8
78	8
79	8
80	8
81	8
82	8
83	8
84	8
85	8
86	8
87	8
88	8
89	8
90	8
91	8
92	8
93	8
94	8
95	8
96	8
97	8
98	8
99	8
100	8
1	9
2	8
3	8
4	8
5	8
6	8
7	8
8	8
9	8
10	8
11	8
12	8
13	8
14	8
15	8
16	8
17	8
18	8
19	8
20	8
21	8
22	8
23	8
24	8
25	8
26	8
27	8
28	8
29	8
30	8
31	8
32	8
33	8
34	8
35	8
36	8
37	8
38	8
39	8
40	8
41	8
42	8
43	8
44	8
45	8
46	8
47	8
48	8
49	8
50	8
51	8
52	8
53	8
54	8
55	8
56	8
57	8
58	8
59	8
60	8
61	8
62	8
63	8
64	8
65	8
66	8
67	8
68	8
69	8
70	8
71	8
72	8
73	8
74	8
75	8
76	8
77	8
78	8
79	8
80	8
81	8
82	8
83	8
84	8
85	8
86	8
87	8
88	8
89	8
90	8
91	8
92	8
93	8
94	8
95	8
96	8
97	8
98	8
99	8
100	8
1	9
2	8
3	8
4	8
5	8
6	8
7	8
8	8
9	8
10	8
11	8
12	8
13	8
14	8
15	8
16	8
17	8
18	8
19	8
20	8
21	8
22	8
23	8
24	8
25	8
26	8
27	8
28	8
29	8
30	8
31	8
32	8
33	8
34	8
35	8
36	8
37	8
38	8
39	8
40	8
41	8
42	8
43	8
44	8
45	8
46	8
47	8
48	8
49	8
50	8
51	8
52	8
53	8
54	8
55	8
56	8
57	8
58	8
59	8
60	8
61	8
62	8
63	8
64	8
65	8
66	8
67	8
68	8
69	8
70	8
71	8
72	8
73	8
74	8
75	8
76	8
77	8
78	8
79	8
80	8
81	8
82	8
83	8
84	8
85	8
86	8
87	8
88	8
89	8
90	8
91	8
92	8
93	8
94	8
95	8
96	8
97	8
98	8
99	8
100	8
1	9
2	8
3	8
4	8
5	8
6	8
7	8
8	8
9	8
10	8
11	8
12	8
13	8
14	8
15	8
16	8
17	8
18	8
19	8
20	8
21	8
22	8
23	8
24	8
25	8
26	8
27	8
28	8
29	8
30	8
31	8
32	8
33	8
34	8
35	8
36	8
37	8
38	8
39	8
40	8
41	8
42	8
43	8
44	8
45	8
46	8
47	8
48	8
49	8
50	8
51	8
52	8
53	8
54	8
55	8
56	8
57	8
58	8
59	8
60	8
61	8
62	8
63	8
64	8
65	8
66	8
67	8
68	8
69	8
70	8
71	8
72	8
73	8
74	8
75	8
76	8
77	8
78	8
79	8
80	8
81	8
82	8
83	8
84	8
85	8
86	8
87	8
88	8
89	8
90	8
91	8
92	8
93	8
94	8
95	8
96	8
97	8
98	8
99	8
100	8
1	9
2	8
3	8
4	8
5	8
6	8
7	8
8	8
9	8
10	8
11	8
12	8
13	8
14	8
15	8
16	8
17	8
18	8
19	8
20	8
21	8
22	8
23	8
24	8
25	8
26	8
27	8
28	8
29	8
30	8
31	8
32	8
33	8
34	8
35	8
36	8
37	8
38	8
39	8
40	8
41	8
42	8
43	8
44	8
45	8
46	8
47	8
48	8
49	8
50	8
51	8
52	8
53	8
54	8
55	8
56	8
57	8
58	8
59	8
60	8
61	8
62	8
63	8
64	8
65	8
66	8
67	8
68	8
69	8
70	8
71	8
72	8
73	8
74	8
75	8
76	8
77	8
78	8
79	8
80	8
81	8
82	8
83	8
84	8
85	8
86	8
87	8
88	8
89	8
90	8
91	8
92	8
93	8
94	8
95	8
96	8
97	8
98	8
99	8
100	8
1	9
2	8
3	8
4	8
5	8
6	8
7	8
8	8
9	8
10	8
11	8
12	8
13	8
14	8
15	8
16	8
17	8
18	8
19	8
20	8
21	8
22	8
23	8
24	8
25	8
26	8
27	8
28	8
29	8
30	8
31	8
32	8
33	8
34	8
35	8
36	8
37	8
38	8
39	8
40	8
41	8
42	8
43	8
44	8
45	8
46	8
47	8
48	8
49	8
50	8
51	8
52	8
53	8
54	8
55	8
56	8
57	8
58	8
59	8
60	8
61	8
62	8
63	8
64	8
65	8
66	8
67	8
68	8
69	8
70	8
71	8
72	8
73	8
74	8
75	8
76	8
77	8
78	8
79	8
80	8
81	8
82	8
83	8
84	8
85	8
86	8
87	8
88	8
89	8
90	8
91	8
92	8
93	8
94	8
95	8
96	8
97	8
98	8
99	8
100	8
1	12
2	11
3	11
4	11
5	11
6	11
7	11
8	11
9	11
10	11
11	11
12	11
13	11
14	11
15	11
16	11
17	11
18	11
19	11
20	11
21	11
22	11
23	11
24	11
25	11
26	11
27	11
28	11
29	11
30	11
31	11
32	11
33	11
34	11
35	11
36	11
37	11
38	11
39	11
40	11
41	11
42	11
43	11
44	11
45	11
46	11
47	11
48	11
49	11
50	11
51	11
52	11
53	11
54	11
55	11
56	11
57	11
58	11
59	11
60	11
61	11
62	11
63	11
64	11
65	11
66	11
67	11
68	11
69	11
70	11
71	11
72	11
73	11
74	11
75	11
76	11
77	11
78	11
79	11
80	11
81	11
82	11
83	11
84	11
85	11
86	11
87	11
88	11
89	11
90	11
91	11
92	11
93	11
94	11
95	11
96	11
97	11
98	11
99	11
100	11
1	9
2	8
3	8
4	8
5	8
6	8
7	8
8	8
9	8
10	8
11	8
12	8
13	8
14	8
15	8
16	8
17	8
18	8
19	8
20	8
21	8
22	8
23	8
24	8
25	8
26	8
27	8
28	8
29	8
30	8
31	8
32	8
33	8
34	8
35	8
36	8
37	8
38	8
39	8
40	8
41	8
42	8
43	8
44	8
45	8
46	8
47	8
48	8
49	8
50	8
51	8
52	8
53	8
54	8
55	8
56	8
57	8
58	8
59	8
60	8
61	8
62	8
63	8
64	8
65	8
66	8
67	8
68	8
69	8
70	8
71	8
72	8
73	8
74	8
75	8
76	8
77	8
78	8
79	8
80	8
81	8
82	8
83	8
84	8
85	8
86	8
87	8
88	8
89	8
90	8
91	8
92	8
93	8
94	8
95	8
96	8
97	8
98	8
99	8
100	8
1	9
2	8
3	8
4	8
5	8
6	8
7	8
8	8
9	8
10	8
11	8
12	8
13	8
14	8
15	8
16	8
17	8
18	8
19	8
20	8
21	8
22	8
23	8
24	8
25	8
26	8
27	8
28	8
29	8
30	8
31	8
32	8
33	8
34	8
35	8
36	8
37	8
38	8
39	8
40	8
41	8
42	8
43	8
44	8
45	8
46	8
47	8
48	8
49	8
50	8
51	8
52	8
53	8
54	8
55	8
56	8
57	8
58	8
59	8
60	8
61	8
62	8
63	8
64	8
65	8
66	8
67	8
68	8
69	8
70	8
71	8
72	8
73	8
74	8
75	8
76	8
77	8
78	8
79	8
80	8
81	8
82	8
83	8
84	8
85	8
86	8
87	8
88	8
89	8
90	8
91	8
92	8
93	8
94	8
95	8
96	8
97	8
98	8
99	8
100	8
1	9
2	8
3	8
4	8
5	8
6	8
7	8
8	8
9	8
10	8
11	8
12	8
13	8
14	8
15	8
16	8
17	8
18	8
19	8
20	8
21	8
22	8
23	8
24	8
25	8
26	8
27	8
28	8
29	8
30	8
31	8
32	8
33	8
34	8
35	8
36	8
37	8
38	8
39	8
40	8
41	8
42	8
43	8
44	8
45	8
46	8
47	8
48	8
49	8
50	8
51	8
52	8
53	8
54	8
55	8
56	8
57	8
58	8
59	8
60	8
61	8
62	8
63	8
64	8
65	8
66	8
67	8
68	8
69	8
70	8
71	8
72	8
73	8
74	8
75	8
76	8
77	8
78	8
79	8
80	8
81	8
82	8
83	8
84	8
85	8
86	8
87	8
88	8
89	8
90	8
91	8
92	8
93	8
94	8
95	8
96	8
97	8
98	8
99	8
100	8
1	9
2	8
3	8
4	8
5	8
6	8
7	8
8	8
9	8
10	8
11	8
12	8
13	8
14	8
15	8
16	8
17	8
18	8
19	8
20	8
21	8
22	8
23	8
24	8
25	8
26	8
27	8
28	8
29	8
30	8
31	8
32	8
33	8
34	8
35	8
36	8
37	8
38	8
39	8
40	8
41	8
42	8
43	8
44	8
45	8
46	8
47	8
48	8
49	8
50	8
51	8
52	8
53	8
54	8
55	8
56	8
57	8
58	8
59	8
60	8
61	8
62	8
63	8
64	8
65	8
66	8
67	8
68	8
69	8
70	8
71	8
72	8
73	8
74	8
75	8
76	8
77	8
78	8
79	8
80	8
81	8
82	8
83	8
84	8
85	8
86	8
87	8
88	8
89	8
90	8
91	8
92	8
93	8
94	8
95	8
96	8
97	8
98	8
99	8
100	8
1	9
2	8
3	8
4	8
5	8
6	8
7	8
8	8
9	8
10	8
11	8
12	8
13	8
14	8
15	8
16	8
17	8
18	8
19	8
20	8
21	8
22	8
23	8
24	8
25	8
26	8
27	8
28	8
29	8
30	8
31	8
32	8
33	8
34	8
35	8
36	8
37	8
38	8
39	8
40	8
41	8
42	8
43	8
44	8
45	8
46	8
47	8
48	8
49	8
50	8
51	8
52	8
53	8
54	8
55	8
56	8
57	8
58	8
59	8
60	8
61	8
62	8
63	8
64	8
65	8
66	8
67	8
68	8
69	8
70	8
71	8
72	8
73	8
74	8
75	8
76	8
77	8
78	8
79	8
80	8
81	8
82	8
83	8
84	8
85	8
86	8
87	8
88	8
89	8
90	8
91	8
92	8
93	8
94	8
95	8
96	8
97	8
98	8
99	8
100	8
1	9
2	8
3	8
4	8
5	8
6	8
7	8
8	8
9	8
10	8
11	8
12	8
13	8
14	8
15	8
16	8
17	8
18	8
19	8
20	8
21	8
22	8
23	8
24	8
25	8
26	8
27	8
28	8
29	8
30	8
31	8
32	8
33	8
34	8
35	8
36	8
37	8
38	8
39	8
40	8
41	8
42	8
43	8
44	8
45	8
46	8
47	8
48	8
49	8
50	8
51	8
52	8
53	8
54	8
55	8
56	8
57	8
58	8
59	8
60	8
61	8
62	8
63	8
64	8
65	8
66	8
67	8
68	8
69	8
70	8
71	8
72	8
73	8
74	8
75	8
76	8
77	8
78	8
79	8
80	8
81	8
82	8
83	8
84	8
85	8
86	8
87	8
88	8
89	8
90	8
91	8
92	8
93	8
94	8
95	8
96	8
97	8
98	8
99	8
100	8
1	9
2	8
3	8
4	8
5	8
6	8
7	8
8	8
9	8
10	8
11	8
12	8
13	8
14	8
15	8
16	8
17	8
18	8
19	8
20	8
21	8
22	8
23	8
24	8
25	8
26	8
27	8
28	8
29	8
30	8
31	8
32	8
33	8
34	8
35	8
36	8
37	8
38	8
39	8
40	8
41	8
42	8
43	8
44	8
45	8
46	8
47	8
48	8
49	8
50	8
51	8
52	8
53	8
54	8
55	8
56	8
57	8
58	8
59	8
60	8
61	8
62	8
63	8
64	8
65	8
66	8
67	8
68	8
69	8
70	8
71	8
72	8
73	8
74	8
75	8
76	8
77	8
78	8
79	8
80	8
81	8
82	8
83	8
84	8
85	8
86	8
87	8
88	8
89	8
90	8
91	8
92	8
93	8
94	8
95	8
96	8
97	8
98	8
99	8
100	8
1	9
2	8
3	8
4	8
5	8
6	8
7	8
8	8
9	8
10	8
11	8
12	8
13	8
14	8
15	8
16	8
17	8
18	8
19	8
20	8
21	8
22	8
23	8
24	8
25	8
26	8
27	8
28	8
29	8
30	8
31	8
32	8
33	8
34	8
35	8
36	8
37	8
38	8
39	8
40	8
41	8
42	8
43	8
44	8
45	8
46	8
47	8
48	8
49	8
50	8
51	8
52	8
53	8
54	8
55	8
56	8
57	8
58	8
59	8
60	8
61	8
62	8
63	8
64	8
65	8
66	8
67	8
68	8
69	8
70	8
71	8
72	8
73	8
74	8
75	8
76	8
77	8
78	8
79	8
80	8
81	8
82	8
83	8
84	8
85	8
86	8
87	8
88	8
89	8
90	8
91	8
92	8
93	8
94	8
95	8
96	8
97	8
98	8
99	8
100	8
1	9
2	8
3	8
4	8
5	8
6	8
7	8
8	8
9	8
10	8
11	8
12	8
13	8
14	8
15	8
16	8
17	8
18	8
19	8
20	8
21	8
22	8
23	8
24	8
25	8
26	8
27	8
28	8
29	8
30	8
31	8
32	8
33	8
34	8
35	8
36	8
37	8
38	8
39	8
40	8
41	8
42	8
43	8
44	8
45	8
46	8
47	8
48	8
49	8
50	8
51	8
52	8
53	8
54	8
55	8
56	8
57	8
58	8
59	8
60	8
61	8
62	8
63	8
64	8
65	8
66	8
67	8
68	8
69	8
70	8
71	8
72	8
73	8
74	8
75	8
76	8
77	8
78	8
79	8
80	8
81	8
82	8
83	8
84	8
85	8
86	8
87	8
88	8
89	8
90	8
91	8
92	8
93	8
94	8
95	8
96	8
97	8
98	8
99	8
100	8
1	9
2	8
3	8
4	8
5	8
6	8
7	8
8	8
9	8
10	8
11	8
12	8
13	8
14	8
15	8
16	8
17	8
18	8
19	8
20	8
21	8
22	8
23	8
24	8
25	8
26	8
27	8
28	8
29	8
30	8
31	8
32	8
33	8
34	8
35	8
36	8
37	8
38	8
39	8
40	8
41	8
42	8
43	8
44	8
45	8
46	8
47	8
48	8
49	8
50	8
51	8
52	8
53	8
54	8
55	8
56	8
57	8
58	8
59	8
60	8
61	8
62	8
63	8
64	8
65	8
66	8
67	8
68	8
69	8
70	8
71	8
72	8
73	8
74	8
75	8
76	8
77	8
78	8
79	8
80	8
81	8
82	8
83	8
84	8
85	8
86	8
87	8
88	8
89	8
90	8
91	8
92	8
93	8
94	8
95	8
96	8
97	8
98	8
99	8
100	8
1	9
2	8
3	8
4	8
5	8
6	8
7	8
8	8
9	8
10	8
11	8
12	8
13	8
14	8
15	8
16	8
17	8
18	8
19	8
20	8
21	8
22	8
23	8
24	8
25	8
26	8
27	8
28	8
29	8
30	8
31	8
32	8
33	8
34	8
35	8
36	8
37	8
38	8
39	8
40	8
41	8
42	8
43	8
44	8
45	8
46	8
47	8
48	8
49	8
50	8
51	8
52	8
53	8
54	8
55	8
56	8
57	8
58	8
59	8
60	8
61	8
62	8
63	8
64	8
65	8
66	8
67	8
68	8
69	8
70	8
71	8
72	8
73	8
74	8
75	8
76	8
77	8
78	8
79	8
80	8
81	8
82	8
83	8
84	8
85	8
86	8
87	8
88	8
89	8
90	8
91	8
92	8
93	8
94	8
95	8
96	8
97	8
98	8
99	8
100	8
1	14
2	13
3	13
4	13
5	13
6	13
7	13
8	13
9	13
10	13
11	13
12	13
13	13
14	13
15	13
16	13
17	13
18	13
19	13
20	13
21	13
22	13
23	13
24	13
25	13
26	13
27	13
28	13
29	13
30	13
31	13
32	13
33	13
34	13
35	13
36	13
37	13
38	13
39	13
40	13
41	13
42	13
43	13
44	13
45	13
46	13
47	13
48	13
49	13
50	13
51	13
52	13
53	13
54	13
55	13
56	13
57	13
58	13
59	13
60	13
61	13
62	13
63	13
64	13
65	13
66	13
67	13
68	13
69	13
70	13
71	13
72	13
73	13
74	13
75	13
76	13
77	13
78	13
79	13
80	13
81	13
82	13
83	13
84	13
85	13
86	13
87	13
88	13
89	13
90	13
91	13
92	13
93	13
94	13
95	13
96	13
97	13
98	13
99	13
100	13
1	9
2	8
3	8
4	8
5	8
6	8
7	8
8	8
9	8
10	8
11	8
12	8
13	8
14	8
15	8
16	8
17	8
18	8
19	8
20	8
21	8
22	8
23	8
24	8
25	8
26	8
27	8
28	8
29	8
30	8
31	8
32	8
33	8
34	8
35	8
36	8
37	8
38	8
39	8
40	8
41	8
42	8
43	8
44	8
45	8
46	8
47	8
48	8
49	8
50	8
51	8
52	8
53	8
54	8
55	8
56	8
57	8
58	8
59	8
60	8
61	8
62	8
63	8
64	8
65	8
66	8
67	8
68	8
69	8
70	8
71	8
72	8
73	8
74	8
75	8
76	8
77	8
78	8
79	8
80	8
81	8
82	8
83	8
84	8
85	8
86	8
87	8
88	8
89	8
90	8
91	8
92	8
93	8
94	8
95	8
96	8
97	8
98	8
99	8
100	8
1	9
2	8
3	8
4	8
5	8
6	8
7	8
8	8
9	8
10	8
11	8
12	8
13	8
14	8
15	8
16	8
17	8
18	8
19	8
20	8
21	8
22	8
23	8
24	8
25	8
26	8
27	8
28	8
29	8
30	8
31	8
32	8
33	8
34	8
35	8
36	8
37	8
38	8
39	8
40	8
41	8
42	8
43	8
44	8
45	8
46	8
47	8
48	8
49	8
50	8
51	8
52	8
53	8
54	8
55	8
56	8
57	8
58	8
59	8
60	8
61	8
62	8
63	8
64	8
65	8
66	8
67	8
68	8
69	8
70	8
71	8
72	8
73	8
74	8
75	8
76	8
77	8
78	8
79	8
80	8
81	8
82	8
83	8
84	8
85	8
86	8
87	8
88	8
89	8
90	8
91	8
92	8
93	8
94	8
95	8
96	8
97	8
98	8
99	8
100	8
1	9
2	8
3	8
4	8
5	8
6	8
7	8
8	8
9	8
10	8
11	8
12	8
13	8
14	8
15	8
16	8
17	8
18	8
19	8
20	8
21	8
22	8
23	8
24	8
25	8
26	8
27	8
28	8
29	8
30	8
31	8
32	8
33	8
34	8
35	8
36	8
37	8
38	8
39	8
40	8
41	8
42	8
43	8
44	8
45	8
46	8
47	8
48	8
49	8
50	8
51	8
52	8
53	8
54	8
55	8
56	8
57	8
58	8
59	8
60	8
61	8
62	8
63	8
64	8
65	8
66	8
67	8
68	8
69	8
70	8
71	8
72	8
73	8
74	8
75	8
76	8
77	8
78	8
79	8
80	8
81	8
82	8
83	8
84	8
85	8
86	8
87	8
88	8
89	8
90	8
91	8
92	8
93	8
94	8
95	8
96	8
97	8
98	8
99	8
100	8
1	9
2	8
3	8
4	8
5	8
6	8
7	8
8	8
9	8
10	8
11	8
12	8
13	8
14	8
15	8
16	8
17	8
18	8
19	8
20	8
21	8
22	8
23	8
24	8
25	8
26	8
27	8
28	8
29	8
30	8
31	8
32	8
33	8
34	8
35	8
36	8
37	8
38	8
39	8
40	8
41	8
42	8
43	8
44	8
45	8
46	8
47	8
48	8
49	8
50	8
51	8
52	8
53	8
54	8
55	8
56	8
57	8
58	8
59	8
60	8
61	8
62	8
63	8
64	8
65	8
66	8
67	8
68	8
69	8
70	8
71	8
72	8
73	8
74	8
75	8
76	8
77	8
78	8
79	8
80	8
81	8
82	8
83	8
84	8
85	8
86	8
87	8
88	8
89	8
90	8
91	8
92	8
93	8
94	8
95	8
96	8
97	8
98	8
99	8
100	8
1	9
2	8
3	8
4	8
5	8
6	8
7	8
8	8
9	8
10	8
11	8
12	8
13	8
14	8
15	8
16	8
17	8
18	8
19	8
20	8
21	8
22	8
23	8
24	8
25	8
26	8
27	8
28	8
29	8
30	8
31	8
32	8
33	8
34	8
35	8
36	8
37	8
38	8
39	8
40	8
41	8
42	8
43	8
44	8
45	8
46	8
47	8
48	8
49	8
50	8
51	8
52	8
53	8
54	8
55	8
56	8
57	8
58	8
59	8
60	8
61	8
62	8
63	8
64	8
65	8
66	8
67	8
68	8
69	8
70	8
71	8
72	8
73	8
74	8
75	8
76	8
77	8
78	8
79	8
80	8
81	8
82	8
83	8
84	8
85	8
86	8
87	8
88	8
89	8
90	8
91	8
92	8
93	8
94	8
95	8
96	8
97	8
98	8
99	8
100	8
1	9
2	8
3	8
4	8
5	8
6	8
7	8
8	8
9	8
10	8
11	8
12	8
13	8
14	8
15	8
16	8
17	8
18	8
19	8
20	8
21	8
22	8
23	8
24	8
25	8
26	8
27	8
28	8
29	8
30	8
31	8
32	8
33	8
34	8
35	8
36	8
37	8
38	8
39	8
40	8
41	8
42	8
43	8
44	8
45	8
46	8
47	8
48	8
49	8
50	8
51	8
52	8
53	8
54	8
55	8
56	8
57	8
58	8
59	8
60	8
61	8
62	8
63	8
64	8
65	8
66	8
67	8
68	8
69	8
70	8
71	8
72	8
73	8
74	8
75	8
76	8
77	8
78	8
79	8
80	8
81	8
82	8
83	8
84	8
85	8
86	8
87	8
88	8
89	8
90	8
91	8
92	8
93	8
94	8
95	8
96	8
97	8
98	8
99	8
100	8
1	9
2	8
3	8
4	8
5	8
6	8
7	8
8	8
9	8
10	8
11	8
12	8
13	8
14	8
15	8
16	8
17	8
18	8
19	8
20	8
21	8
22	8
23	8
24	8
25	8
26	8
27	8
28	8
29	8
30	8
31	8
32	8
33	8
34	8
35	8
36	8
37	8
38	8
39	8
40	8
41	8
42	8
43	8
44	8
45	8
46	8
47	8
48	8
49	8
50	8
51	8
52	8
53	8
54	8
55	8
56	8
57	8
58	8
59	8
60	8
61	8
62	8
63	8
64	8
65	8
66	8
67	8
68	8
69	8
70	8
71	8
72	8
73	8
74	8
75	8
76	8
77	8
78	8
79	8
80	8
81	8
82	8
83	8
84	8
85	8
86	8
87	8
88	8
89	8
90	8
91	8
92	8
93	8
94	8
95	8
96	8
97	8
98	8
99	8
100	8
1	9
2	8
3	8
4	8
5	8
6	8
7	8
8	8
9	8
10	8
11	8
12	8
13	8
14	8
15	8
16	8
17	8
18	8
19	8
20	8
21	8
22	8
23	8
24	8
25	8
26	8
27	8
28	8
29	8
30	8
31	8
32	8
33	8
34	8
35	8
36	8
37	8
38	8
39	8
40	8
41	8
42	8
43	8
44	8
45	8
46	8
47	8
48	8
49	8
50	8
51	8
52	8
53	8
54	8
55	8
56	8
57	8
58	8
59	8
60	8
61	8
62	8
63	8
64	8
65	8
66	8
67	8
68	8
69	8
70	8
71	8
72	8
73	8
74	8
75	8
76	8
77	8
78	8
79	8
80	8
81	8
82	8
83	8
84	8
85	8
86	8
87	8
88	8
89	8
90	8
91	8
92	8
93	8
94	8
95	8
96	8
97	8
98	8
99	8
100	8
1	9
2	8
3	8
4	8
5	8
6	8
7	8
8	8
9	8
10	8
11	8
12	8
13	8
14	8
15	8
16	8
17	8
18	8
19	8
20	8
21	8
22	8
23	8
24	8
25	8
26	8
27	8
28	8
29	8
30	8
31	8
32	8
33	8
34	8
35	8
36	8
37	8
38	8
39	8
40	8
41	8
42	8
43	8
44	8
45	8
46	8
47	8
48	8
49	8
50	8
51	8
52	8
53	8
54	8
55	8
56	8
57	8
58	8
59	8
60	8
61	8
62	8
63	8
64	8
65	8
66	8
67	8
68	8
69	8
70	8
71	8
72	8
73	8
74	8
75	8
76	8
77	8
78	8
79	8
80	8
81	8
82	8
83	8
84	8
85	8
86	8
87	8
88	8
89	8
90	8
91	8
92	8
93	8
94	8
95	8
96	8
97	8
98	8
99	8
100	8
1	9
2	8
3	8
4	8
5	8
6	8
7	8
8	8
9	8
10	8
11	8
12	8
13	8
14	8
15	8
16	8
17	8
18	8
19	8
20	8
21	8
22	8
23	8
24	8
25	8
26	8
27	8
28	8
29	8
30	8
31	8
32	8
33	8
34	8
35	8
36	8
37	8
38	8
39	8
40	8
41	8
42	8
43	8
44	8
45	8
46	8
47	8
48	8
49	8
50	8
51	8
52	8
53	8
54	8
55	8
56	8
57	8
58	8
59	8
60	8
61	8
62	8
63	8
64	8
65	8
66	8
67	8
68	8
69	8
70	8
71	8
72	8
73	8
74	8
75	8
76	8
77	8
78	8
79	8
80	8
81	8
82	8
83	8
84	8
85	8
86	8
87	8
88	8
89	8
90	8
91	8
92	8
93	8
94	8
95	8
96	8
97	8
98	8
99	8
100	8
1	9
2	8
3	8
4	8
5	8
6	8
7	8
8	8
9	8
10	8
11	8
12	8
13	8
14	8
15	8
16	8
17	8
18	8
19	8
20	8
21	8
22	8
23	8
24	8
25	8
26	8
27	8
28	8
29	8
30	8
31	8
32	8
33	8
34	8
35	8
36	8
37	8
38	8
39	8
40	8
41	8
42	8
43	8
44	8
45	8
46	8
47	8
48	8
49	8
50	8
51	8
52	8
53	8
54	8
55	8
56	8
57	8
58	8
59	8
60	8
61	8
62	8
63	8
64	8
65	8
66	8
67	8
68	8
69	8
70	8
71	8
72	8
73	8
74	8
75	8
76	8
77	8
78	8
79	8
80	8
81	8
82	8
83	8
84	8
85	8
86	8
87	8
88	8
89	8
90	8
91	8
92	8
93	8
94	8
95	8
96	8
97	8
98	8
99	8
100	8
1	9
2	8
3	8
4	8
5	8
6	8
7	8
8	8
9	8
10	8
11	8
12	8
13	8
14	8
15	8
16	8
17	8
18	8
19	8
20	8
21	8
22	8
23	8
24	8
25	8
26	8
27	8
28	8
29	8
30	8
31	8
32	8
33	8
34	8
35	8
36	8
37	8
38	8
39	8
40	8
41	8
42	8
43	8
44	8
45	8
46	8
47	8
48	8
49	8
50	8
51	8
52	8
53	8
54	8
55	8
56	8
57	8
58	8
59	8
60	8
61	8
62	8
63	8
64	8
65	8
66	8
67	8
68	8
69	8
70	8
71	8
72	8
73	8
74	8
75	8
76	8
77	8
78	8
79	8
80	8
81	8
82	8
83	8
84	8
85	8
86	8
87	8
88	8
89	8
90	8
91	8
92	8
93	8
94	8
95	8
96	8
97	8
98	8
99	8
100	8
1	9
2	8
3	8
4	8
5	8
6	8
7	8
8	8
9	8
10	8
11	8
12	8
13	8
14	8
15	8
16	8
17	8
18	8
19	8
20	8
21	8
22	8
23	8
24	8
25	8
26	8
27	8
28	8
29	8
30	8
31	8
32	8
33	8
34	8
35	8
36	8
37	8
38	8
39	8
40	8
41	8
42	8
43	8
44	8
45	8
46	8
47	8
48	8
49	8
50	8
51	8
52	8
53	8
54	8
55	8
56	8
57	8
58	8
59	8
60	8
61	8
62	8
63	8
64	8
65	8
66	8
67	8
68	8
69	8
70	8
71	8
72	8
73	8
74	8
75	8
76	8
77	8
78	8
79	8
80	8
81	8
82	8
83	8
84	8
85	8
86	8
87	8
88	8
89	8
90	8
91	8
92	8
93	8
94	8
95	8
96	8
97	8
98	8
99	8
100	8
1	14
2	13
3	13
4	13
5	13
6	13
7	13
8	13
9	13
10	13
11	13
12	13
13	13
14	13
15	13
16	13
17	13
18	13
19	13
20	13
21	13
22	13
23	13
24	13
25	13
26	13
27	13
28	13
29	13
30	13
31	13
32	13
33	13
34	13
35	13
36	13
37	13
38	13
39	13
40	13
41	13
42	13
43	13
44	13
45	13
46	13
47	13
48	13
49	13
50	13
51	13
52	13
53	13
54	13
55	13
56	13
57	13
58	13
59	13
60	13
61	13
62	13
63	13
64	13
65	13
66	13
67	13
68	13
69	13
70	13
71	13
72	13
73	13
74	13
75	13
76	13
77	13
78	13
79	13
80	13
81	13
82	13
83	13
84	13
85	13
86	13
87	13
88	13
89	13
90	13
91	13
92	13
93	13
94	13
95	13
96	13
97	13
98	13
99	13
100	13
1	9
2	8
3	8
4	8
5	8
6	8
7	8
8	8
9	8
10	8
11	8
12	8
13	8
14	8
15	8
16	8
17	8
18	8
19	8
20	8
21	8
22	8
23	8
24	8
25	8
26	8
27	8
28	8
29	8
30	8
31	8
32	8
33	8
34	8
35	8
36	8
37	8
38	8
39	8
40	8
41	8
42	8
43	8
44	8
45	8
46	8
47	8
48	8
49	8
50	8
51	8
52	8
53	8
54	8
55	8
56	8
57	8
58	8
59	8
60	8
61	8
62	8
63	8
64	8
65	8
66	8
67	8
68	8
69	8
70	8
71	8
72	8
73	8
74	8
75	8
76	8
77	8
78	8
79	8
80	8
81	8
82	8
83	8
84	8
85	8
86	8
87	8
88	8
89	8
90	8
91	8
92	8
93	8
94	8
95	8
96	8
97	8
98	8
99	8
100	8
1	9
2	8
3	8
4	8
5	8
6	8
7	8
8	8
9	8
10	8
11	8
12	8
13	8
14	8
15	8
16	8
17	8
18	8
19	8
20	8
21	8
22	8
23	8
24	8
25	8
26	8
27	8
28	8
29	8
30	8
31	8
32	8
33	8
34	8
35	8
36	8
37	8
38	8
39	8
40	8
41	8
42	8
43	8
44	8
45	8
46	8
47	8
48	8
49	8
50	8
51	8
52	8
53	8
54	8
55	8
56	8
57	8
58	8
59	8
60	8
61	8
62	8
63	8
64	8
65	8
66	8
67	8
68	8
69	8
70	8
71	8
72	8
73	8
74	8
75	8
76	8
77	8
78	8
79	8
80	8
81	8
82	8
83	8
84	8
85	8
86	8
87	8
88	8
89	8
90	8
91	8
92	8
93	8
94	8
95	8
96	8
97	8
98	8
99	8
100	8
1	9
2	8
3	8
4	8
5	8
6	8
7	8
8	8
9	8
10	8
11	8
12	8
13	8
14	8
15	8
16	8
17	8
18	8
19	8
20	8
21	8
22	8
23	8
24	8
25	8
26	8
27	8
28	8
29	8
30	8
31	8
32	8
33	8
34	8
35	8
36	8
37	8
38	8
39	8
40	8
41	8
42	8
43	8
44	8
45	8
46	8
47	8
48	8
49	8
50	8
51	8
52	8
53	8
54	8
55	8
56	8
57	8
58	8
59	8
60	8
61	8
62	8
63	8
64	8
65	8
66	8
67	8
68	8
69	8
70	8
71	8
72	8
73	8
74	8
75	8
76	8
77	8
78	8
79	8
80	8
81	8
82	8
83	8
84	8
85	8
86	8
87	8
88	8
89	8
90	8
91	8
92	8
93	8
94	8
95	8
96	8
97	8
98	8
99	8
100	8
1	9
2	8
3	8
4	8
5	8
6	8
7	8
8	8
9	8
10	8
11	8
12	8
13	8
14	8
15	8
16	8
17	8
18	8
19	8
20	8
21	8
22	8
23	8
24	8
25	8
26	8
27	8
28	8
29	8
30	8
31	8
32	8
33	8
34	8
35	8
36	8
37	8
38	8
39	8
40	8
41	8
42	8
43	8
44	8
45	8
46	8
47	8
48	8
49	8
50	8
51	8
52	8
53	8
54	8
55	8
56	8
57	8
58	8
59	8
60	8
61	8
62	8
63	8
64	8
65	8
66	8
67	8
68	8
69	8
70	8
71	8
72	8
73	8
74	8
75	8
76	8
77	8
78	8
79	8
80	8
81	8
82	8
83	8
84	8
85	8
86	8
87	8
88	8
89	8
90	8
91	8
92	8
93	8
94	8
95	8
96	8
97	8
98	8
99	8
100	8
1	9
2	8
3	8
4	8
5	8
6	8
7	8
8	8
9	8
10	8
11	8
12	8
13	8
14	8
15	8
16	8
17	8
18	8
19	8
20	8
21	8
22	8
23	8
24	8
25	8
26	8
27	8
28	8
29	8
30	8
31	8
32	8
33	8
34	8
35	8
36	8
37	8
38	8
39	8
40	8
41	8
42	8
43	8
44	8
45	8
46	8
47	8
48	8
49	8
50	8
51	8
52	8
53	8
54	8
55	8
56	8
57	8
58	8
59	8
60	8
61	8
62	8
63	8
64	8
65	8
66	8
67	8
68	8
69	8
70	8
71	8
72	8
73	8
74	8
75	8
76	8
77	8
78	8
79	8
80	8
81	8
82	8
83	8
84	8
85	8
86	8
87	8
88	8
89	8
90	8
91	8
92	8
93	8
94	8
95	8
96	8
97	8
98	8
99	8
100	8
1	9
2	8
3	8
4	8
5	8
6	8
7	8
8	8
9	8
10	8
11	8
12	8
13	8
14	8
15	8
16	8
17	8
18	8
19	8
20	8
21	8
22	8
23	8
24	8
25	8
26	8
27	8
28	8
29	8
30	8
31	8
32	8
33	8
34	8
35	8
36	8
37	8
38	8
39	8
40	8
41	8
42	8
43	8
44	8
45	8
46	8
47	8
48	8
49	8
50	8
51	8
52	8
53	8
54	8
55	8
56	8
57	8
58	8
59	8
60	8
61	8
62	8
63	8
64	8
65	8
66	8
67	8
68	8
69	8
70	8
71	8
72	8
73	8
74	8
75	8
76	8
77	8
78	8
79	8
80	8
81	8
82	8
83	8
84	8
85	8
86	8
87	8
88	8
89	8
90	8
91	8
92	8
93	8
94	8
95	8
96	8
97	8
98	8
99	8
100	8
1	9
2	8
3	8
4	8
5	8
6	8
7	8
8	8
9	8
10	8
11	8
12	8
13	8
14	8
15	8
16	8
17	8
18	8
19	8
20	8
21	8
22	8
23	8
24	8
25	8
26	8
27	8
28	8
29	8
30	8
31	8
32	8
33	8
34	8
35	8
36	8
37	8
38	8
39	8
40	8
41	8
42	8
43	8
44	8
45	8
46	8
47	8
48	8
49	8
50	8
51	8
52	8
53	8
54	8
55	8
56	8
57	8
58	8
59	8
60	8
61	8
62	8
63	8
64	8
65	8
66	8
67	8
68	8
69	8
70	8
71	8
72	8
73	8
74	8
75	8
76	8
77	8
78	8
79	8
80	8
81	8
82	8
83	8
84	8
85	8
86	8
87	8
88	8
89	8
90	8
91	8
92	8
93	8
94	8
95	8
96	8
97	8
98	8
99	8
100	8
1	9
2	8
3	8
4	8
5	8
6	8
7	8
8	8
9	8
10	8
11	8
12	8
13	8
14	8
15	8
16	8
17	8
18	8
19	8
20	8
21	8
22	8
23	8
24	8
25	8
26	8
27	8
28	8
29	8
30	8
31	8
32	8
33	8
34	8
35	8
36	8
37	8
38	8
39	8
40	8
41	8
42	8
43	8
44	8
45	8
46	8
47	8
48	8
49	8
50	8
51	8
52	8
53	8
54	8
55	8
56	8
57	8
58	8
59	8
60	8
61	8
62	8
63	8
64	8
65	8
66	8
67	8
68	8
69	8
70	8
71	8
72	8
73	8
74	8
75	8
76	8
77	8
78	8
79	8
80	8
81	8
82	8
83	8
84	8
85	8
86	8
87	8
88	8
89	8
90	8
91	8
92	8
93	8
94	8
95	8
96	8
97	8
98	8
99	8
100	8
1	9
2	8
3	8
4	8
5	8
6	8
7	8
8	8
9	8
10	8
11	8
12	8
13	8
14	8
15	8
16	8
17	8
18	8
19	8
20	8
21	8
22	8
23	8
24	8
25	8
26	8
27	8
28	8
29	8
30	8
31	8
32	8
33	8
34	8
35	8
36	8
37	8
38	8
39	8
40	8
41	8
42	8
43	8
44	8
45	8
46	8
47	8
48	8
49	8
50	8
51	8
52	8
53	8
54	8
55	8
56	8
57	8
58	8
59	8
60	8
61	8
62	8
63	8
64	8
65	8
66	8
67	8
68	8
69	8
70	8
71	8
72	8
73	8
74	8
75	8
76	8
77	8
78	8
79	8
80	8
81	8
82	8
83	8
84	8
85	8
86	8
87	8
88	8
89	8
90	8
91	8
92	8
93	8
94	8
95	8
96	8
97	8
98	8
99	8
100	8
1	9
2	8
3	8
4	8
5	8
6	8
7	8
8	8
9	8
10	8
11	8
12	8
13	8
14	8
15	8
16	8
17	8
18	8
19	8
20	8
21	8
22	8
23	8
24	8
25	8
26	8
27	8
28	8
29	8
30	8
31	8
32	8
33	8
34	8
35	8
36	8
37	8
38	8
39	8
40	8
41	8
42	8
43	8
44	8
45	8
46	8
47	8
48	8
49	8
50	8
51	8
52	8
53	8
54	8
55	8
56	8
57	8
58	8
59	8
60	8
61	8
62	8
63	8
64	8
65	8
66	8
67	8
68	8
69	8
70	8
71	8
72	8
73	8
74	8
75	8
76	8
77	8
78	8
79	8
80	8
81	8
82	8
83	8
84	8
85	8
86	8
87	8
88	8
89	8
90	8
91	8
92	8
93	8
94	8
95	8
96	8
97	8
98	8
99	8
100	8
1	12
2	11
3	11
4	11
5	11
6	11
7	11
8	11
9	11
10	11
11	11
12	11
13	11
14	11
15	11
16	11
17	11
18	11
19	11
20	11
21	11
22	11
23	11
24	11
25	11
26	11
27	11
28	11
29	11
30	11
31	11
32	11
33	11
34	11
35	11
36	11
37	11
38	11
39	11
40	11
41	11
42	11
43	11
44	11
45	11
46	11
47	11
48	11
49	11
50	11
51	11
52	11
53	11
54	11
55	11
56	11
57	11
58	11
59	11
60	11
61	11
62	11
63	11
64	11
65	11
66	11
67	11
68	11
69	11
70	11
71	11
72	11
73	11
74	11
75	11
76	11
77	11
78	11
79	11
80	11
81	11
82	11
83	11
84	11
85	11
86	11
87	11
88	11
89	11
90	11
91	11
92	11
93	11
94	11
95	11
96	11
97	11
98	11
99	11
100	11
1	9
2	8
3	8
4	8
5	8
6	8
7	8
8	8
9	8
10	8
11	8
12	8
13	8
14	8
15	8
16	8
17	8
18	8
19	8
20	8
21	8
22	8
23	8
24	8
25	8
26	8
27	8
28	8
29	8
30	8
31	8
32	8
33	8
34	8
35	8
36	8
37	8
38	8
39	8
40	8
41	8
42	8
43	8
44	8
45	8
46	8
47	8
48	8
49	8
50	8
51	8
52	8
53	8
54	8
55	8
56	8
57	8
58	8
59	8
60	8
61	8
62	8
63	8
64	8
65	8
66	8
67	8
68	8
69	8
70	8
71	8
72	8
73	8
74	8
75	8
76	8
77	8
78	8
79	8
80	8
81	8
82	8
83	8
84	8
85	8
86	8
87	8
88	8
89	8
90	8
91	8
92	8
93	8
94	8
95	8
96	8
97	8
98	8
99	8
100	8
1	9
2	8
3	8
4	8
5	8
6	8
7	8
8	8
9	8
10	8
11	8
12	8
13	8
14	8
15	8
16	8
17	8
18	8
19	8
20	8
21	8
22	8
23	8
24	8
25	8
26	8
27	8
28	8
29	8
30	8
31	8
32	8
33	8
34	8
35	8
36	8
37	8
38	8
39	8
40	8
41	8
42	8
43	8
44	8
45	8
46	8
47	8
48	8
49	8
50	8
51	8
52	8
53	8
54	8
55	8
56	8
57	8
58	8
59	8
60	8
61	8
62	8
63	8
64	8
65	8
66	8
67	8
68	8
69	8
70	8
71	8
72	8
73	8
74	8
75	8
76	8
77	8
78	8
79	8
80	8
81	8
82	8
83	8
84	8
85	8
86	8
87	8
88	8
89	8
90	8
91	8
92	8
93	8
94	8
95	8
96	8
97	8
98	8
99	8
100	8
1	15
2	14
3	14
4	14
5	14
6	14
7	14
8	14
9	14
10	14
11	14
12	14
13	14
14	14
15	14
16	14
17	14
18	14
19	14
20	14
21	14
22	14
23	14
24	14
25	14
26	14
27	14
28	14
29	14
30	14
31	14
32	14
33	14
34	14
35	14
36	14
37	14
38	14
39	14
40	14
41	14
42	14
43	14
44	14
45	14
46	14
47	14
48	14
49	14
50	14
51	14
52	14
53	14
54	14
55	14
56	14
57	14
58	14
59	14
60	14
61	14
62	14
63	14
64	14
65	14
66	14
67	14
68	14
69	14
70	14
71	14
72	14
73	14
74	14
75	14
76	14
77	14
78	14
79	14
80	14
81	14
82	14
83	14
84	14
85	14
86	14
87	14
88	14
89	14
90	14
91	14
92	14
93	14
94	14
95	14
96	14
97	14
98	14
99	14
100	14
1	9
2	8
3	8
4	8
5	8
6	8
7	8
8	8
9	8
10	8
11	8
12	8
13	8
14	8
15	8
16	8
17	8
18	8
19	8
20	8
21	8
22	8
23	8
24	8
25	8
26	8
27	8
28	8
29	8
30	8
31	8
32	8
33	8
34	8
35	8
36	8
37	8
38	8
39	8
40	8
41	8
42	8
43	8
44	8
45	8
46	8
47	8
48	8
49	8
50	8
51	8
52	8
53	8
54	8
55	8
56	8
57	8
58	8
59	8
60	8
61	8
62	8
63	8
64	8
65	8
66	8
67	8
68	8
69	8
70	8
71	8
72	8
73	8
74	8
75	8
76	8
77	8
78	8
79	8
80	8
81	8
82	8
83	8
84	8
85	8
86	8
87	8
88	8
89	8
90	8
91	8
92	8
93	8
94	8
95	8
96	8
97	8
98	8
99	8
100	8
1	10
2	9
3	9
4	9
5	9
6	9
7	9
8	9
9	9
10	9
11	9
12	9
13	9
14	9
15	9
16	9
17	9
18	9
19	9
20	9
21	9
22	9
23	9
24	9
25	9
26	9
27	9
28	9
29	9
30	9
31	9
32	9
33	9
34	9
35	9
36	9
37	9
38	9
39	9
40	9
41	9
42	9
43	9
44	9
45	9
46	9
47	9
48	9
49	9
50	9
51	9
52	9
53	9
54	9
55	9
56	9
57	9
58	9
59	9
60	9
61	9
62	9
63	9
64	9
65	9
66	9
67	9
68	9
69	9
70	9
71	9
72	9
73	9
74	9
75	9
76	9
77	9
78	9
79	9
80	9
81	9
82	9
83	9
84	9
85	9
86	9
87	9
88	9
89	9
90	9
91	9
92	9
93	9
94	9
95	9
96	9
97	9
98	9
99	9
100	9
